23 0.36875 0.61015625 0.0765625 0.03984375
9 0.19453125 0.5484375 0.0765625 0.046875
7 0.325 0.559375 0.165625 0.05078125
12 0.38359375 0.67578125 0.03515625 0.0390625
0 0.309375 0.6734375 0.04140625 0.040625
11 0.20078125 0.66171875 0.0546875 0.03984375
23 0.8796875 0.6078125 0.04140625 0.02578125
24 0.8125 0.64453125 0.19453125 0.0359375
12 0.88671875 0.68046875 0.03359375 0.03359375
0 0.8171875 0.68359375 0.04453125 0.03984375
11 0.71015625 0.68046875 0.04765625 0.0390625
9 0.69609375 0.575 0.0796875 0.0359375
7 0.821875 0.56484375 0.146875 0.03203125
23 0.615625 0.134375 0.0578125 0.02109375
24 0.57109375 0.15859375 0.15546875 0.0265625
12 0.63203125 0.1890625 0.02578125 0.0296875
0 0.559375 0.18359375 0.03984375 0.034375
11 0.45703125 0.184375 0.06015625 0.0375
9 0.44609375 0.0984375 0.075 0.04296875
7 0.571875 0.096875 0.1546875 0.03828125
2 0.503125 0.2390625 0.08359375 0.034375