4 0.884375 0.42734375 0.071875 0.02109375
5 0.6890625 0.46015625 0.45390625 0.02421875
10 0.7109375 0.49921875 0.43984375 0.02734375
3 0.76875 0.528125 0.328125 0.02421875
6 0.69453125 0.60390625 0.4953125 0.03671875
8 0.21875 0.6453125 0.23671875 0.0234375
1 0.15859375 0.43984375 0.19609375 0.1578125
9 0.37421875 0.69453125 0.13671875 0.02421875
2 0.44453125 0.821875 0.18203125 0.02421875
11 0.4078125 0.76953125 0.08203125 0.02578125
0 0.60625 0.76875 0.07421875 0.025
12 0.76484375 0.76484375 0.05546875 0.02578125
23 0.7171875 0.7140625 0.14765625 0.021875
7 0.63046875 0.68984375 0.2984375 0.01796875