23 0.3421875 0.121875 0.08671875 0.0140625
12 0.36875 0.146875 0.025 0.0125
0 0.2859375 0.146875 0.04296875 0.01484375
11 0.178125 0.14765625 0.0484375 0.01875
2 0.228125 0.175 0.084375 0.01015625
9 0.1578125 0.10625 0.08671875 0.0109375
7 0.2984375 0.10390625 0.1734375 0.0140625
7 0.32421875 0.28125 0.18984375 0.01484375
9 0.171875 0.28203125 0.09296875 0.01328125
2 0.21953125 0.353125 0.10703125 0.01484375
23 0.32734375 0.3 0.16484375 0.0140625
12 0.3984375 0.32421875 0.02578125 0.01796875
0 0.3109375 0.3234375 0.04140625 0.01484375
11 0.19765625 0.325 0.04609375 0.015625
23 0.34765625 0.48984375 0.128125 0.0203125
12 0.39375 0.5203125 0.03203125 0.0171875
0 0.3078125 0.52421875 0.04453125 0.01484375
11 0.1875 0.5265625 0.059375 0.01796875
9 0.1703125 0.47421875 0.09140625 0.01328125
2 0.19765625 0.55234375 0.096875 0.015625
7 0.32578125 0.471875 0.19453125 0.0140625
23 0.64140625 0.68515625 0.1515625 0.01796875
11 0.4890625 0.72734375 0.05234375 0.02109375
0 0.6109375 0.72109375 0.0453125 0.0234375
12 0.696875 0.7140625 0.03046875 0.01796875
2 0.50390625 0.7546875 0.09375 0.01640625
9 0.46953125 0.6734375 0.09453125 0.0140625
7 0.615625 0.66328125 0.18125 0.021875
23 0.81171875 0.14609375 0.11875 0.01484375
12 0.85546875 0.17421875 0.034375 0.015625
0 0.7796875 0.1734375 0.04296875 0.0171875
11 0.66953125 0.17109375 0.05546875 0.01953125
2 0.6796875 0.19453125 0.0859375 0.01875
9 0.653125 0.12421875 0.08125 0.0171875
7 0.7875 0.1265625 0.16640625 0.01640625
7 0.84140625 0.303125 0.16875 0.01484375
9 0.6984375 0.30078125 0.08359375 0.015625
2 0.73828125 0.37265625 0.1125 0.01796875
23 0.8671875 0.31875 0.10234375 0.01640625
12 0.90546875 0.3453125 0.03125 0.0171875
0 0.8234375 0.34375 0.03984375 0.015625
11 0.71875 0.3421875 0.0453125 0.01796875
7 0.8453125 0.4609375 0.1734375 0.0171875
23 0.8859375 0.4765625 0.08828125 0.015625
9 0.70859375 0.46875 0.08671875 0.01640625
2 0.78359375 0.5390625 0.08359375 0.01796875
12 0.91796875 0.503125 0.03203125 0.01953125
0 0.83984375 0.5078125 0.04453125 0.01796875
11 0.73359375 0.51171875 0.0546875 0.01640625