4 0.903125 0.2578125 0.0734375 0.02265625
5 0.74609375 0.2921875 0.3484375 0.040625
10 0.87109375 0.33359375 0.1265625 0.03359375
3 0.80234375 0.36875 0.28359375 0.04453125
6 0.73046875 0.45234375 0.4375 0.0375
8 0.32890625 0.490625 0.20546875 0.0375
1 0.28359375 0.2671875 0.17890625 0.17578125
4 0.90234375 0.68359375 0.0828125 0.03515625
5 0.80703125 0.7234375 0.2875 0.0359375
10 0.87890625 0.7734375 0.14453125 0.03515625
3 0.79921875 0.8140625 0.3171875 0.04453125
6 0.7484375 0.909375 0.47890625 0.0390625
8 0.31875 0.95703125 0.2328125 0.04296875
1 0.26796875 0.7078125 0.18515625 0.2015625