4 0.81875 0.65546875 0.0515625 0.02890625
5 0.69765625 0.69453125 0.29921875 0.0421875
10 0.7390625 0.7328125 0.23359375 0.034375
3 0.7609375 0.7625 0.18671875 0.03828125
6 0.67578125 0.84375 0.403125 0.0421875
8 0.31015625 0.8984375 0.175 0.03671875
1 0.2484375 0.68984375 0.1796875 0.171875
23 0.70625 0.11484375 0.1046875 0.0375
0 0.603125 0.1765625 0.06953125 0.03046875
12 0.7359375 0.17578125 0.05 0.03203125
11 0.41875 0.1796875 0.0796875 0.03984375
9 0.3953125 0.0828125 0.125 0.0375
7 0.6265625 0.08125 0.2609375 0.0390625
2 0.4578125 0.23984375 0.17734375 0.03046875