23 0.14512471655328799 0.16044776119402984 0.21315192743764172 0.23880597014925373
19 0.8435374149659864 0.16511194029850745 0.12698412698412698 0.05037313432835821
25 0.6938775510204082 0.22201492537313433 0.43537414965986393 0.04477611940298507
15 0.6746031746031746 0.29197761194029853 0.4603174603174603 0.08768656716417911
17 0.20861678004535147 0.38526119402985076 0.30839002267573695 0.08022388059701492
22 0.6575963718820862 0.39552238805970147 0.4943310657596372 0.08208955223880597
22 0.5589569160997733 0.5727611940298507 0.35147392290249435 0.04477611940298507
27 0.5260770975056689 0.6268656716417911 0.40816326530612246 0.048507462686567165
21 0.6689342403628118 0.6884328358208955 0.11791383219954649 0.055970149253731345
26 0.3287981859410431 0.691231343283582 0.17687074829931973 0.061567164179104475
28 0.5113378684807256 0.6949626865671642 0.16099773242630386 0.06529850746268656
29 0.20068027210884354 0.457089552238806 0.23809523809523808 0.04477611940298507
18 0.5068027210884354 0.7630597014925373 0.42403628117913833 0.048507462686567165
24 0.29931972789115646 0.5699626865671642 0.15419501133786848 0.04664179104477612
20 0.5895691609977324 0.06902985074626866 0.38095238095238093 0.10074626865671642
16 0.8174603174603174 0.6399253731343284 0.16099773242630386 0.1865671641791045
16 0.11224489795918367 0.6436567164179104 0.1746031746031746 0.17537313432835822