23 0.09116022099447514 0.3492063492063492 0.1132596685082873 0.42857142857142855
19 0.40400552486187846 0.32805555555555554 0.07596685082872928 0.0678968253968254
25 0.332914364640884 0.416468253968254 0.2153729281767956 0.10361111111111111
15 0.3317265193370166 0.5285714285714286 0.2223756906077348 0.12698412698412698
17 0.08839779005524862 0.7003968253968254 0.14917127071823205 0.12301587301587301
22 0.32462707182320444 0.7576587301587302 0.23895027624309392 0.1111111111111111
22 0.8167541436464089 0.15726190476190477 0.14917127071823205 0.09126984126984126
27 0.8139088397790055 0.25027777777777777 0.17053867403314918 0.10373015873015873
21 0.8701657458563536 0.3630952380952381 0.04419889502762431 0.06746031746031746
26 0.6961325966850829 0.35912698412698413 0.07458563535911603 0.07539682539682539
28 0.7983425414364641 0.35119047619047616 0.06353591160220995 0.08333333333333333
29 0.1042817679558011 0.8492063492063492 0.11740331491712708 0.1349206349206349
18 0.768646408839779 0.5079365079365079 0.2472375690607735 0.12698412698412698
24 0.6942955801104973 0.1626984126984127 0.06629834254143646 0.07936507936507936
16 0.931353591160221 0.26904761904761904 0.07044198895027624 0.30952380952380953
16 0.5918508287292817 0.251984126984127 0.106353591160221 0.3134920634920635
20 0.2914364640883978 0.18341269841269842 0.1878453038674033 0.17634920634920634