23 0.1301498127340824 0.15174825174825174 0.24157303370786518 0.24475524475524477
19 0.9194756554307116 0.13636363636363635 0.14606741573033707 0.04895104895104895
25 0.7219101123595506 0.1979020979020979 0.5112359550561798 0.05454545454545454
15 0.6863295880149812 0.279020979020979 0.5898876404494382 0.1076923076923077
17 0.19662921348314608 0.3657342657342657 0.3595505617977528 0.1020979020979021
22 0.7162921348314607 0.3916083916083916 0.548689138576779 0.06153846153846154
22 0.6338951310861424 0.5895104895104896 0.3651685393258427 0.05454545454545454
27 0.5852059925093633 0.6559440559440559 0.5074906367041199 0.06713286713286713
21 0.7762172284644194 0.7244755244755244 0.12172284644194757 0.06153846153846154
26 0.36891385767790263 0.7251748251748251 0.18726591760299627 0.057342657342657345
28 0.5955056179775281 0.7167832167832168 0.149812734082397 0.05454545454545454
29 0.18820224719101122 0.45664335664335665 0.37265917602996257 0.046153846153846156
18 0.5730337078651685 0.8090909090909091 0.5580524344569289 0.05454545454545454
24 0.34176029962546817 0.5944055944055944 0.18164794007490637 0.04195804195804196
20 0.6441947565543071 0.05104895104895105 0.4681647940074906 0.0993006993006993
16 0.9213483146067416 0.6741258741258741 0.15730337078651685 0.23216783216783216
16 0.10580524344569288 0.6734265734265734 0.19662921348314608 0.17762237762237762