23 0.13804713804713806 0.16209476309226933 0.22895622895622897 0.22443890274314215
19 0.8939393939393939 0.16832917705735662 0.19865319865319866 0.05236907730673317
25 0.7592592592592593 0.22194513715710723 0.4612794612794613 0.0399002493765586
15 0.7626262626262627 0.2955112219451372 0.4612794612794613 0.09725685785536159
17 0.20202020202020202 0.3865336658354115 0.3434343434343434 0.08478802992518704
22 0.7171717171717171 0.4139650872817955 0.531986531986532 0.04987531172069826
22 0.6212121212121212 0.5673316708229427 0.37373737373737376 0.04239401496259352
27 0.5925925925925926 0.628428927680798 0.4377104377104377 0.06982543640897755
21 0.7575757575757576 0.6932668329177057 0.12121212121212122 0.04987531172069826
26 0.37037037037037035 0.6957605985037406 0.16835016835016836 0.06483790523690773
28 0.5723905723905723 0.7007481296758105 0.20875420875420875 0.059850374064837904
29 0.22727272727272727 0.456359102244389 0.3468013468013468 0.04488778054862843
18 0.5808080808080808 0.7668329177057357 0.43434343434343436 0.057356608478802994
24 0.31986531986531985 0.5648379052369077 0.20202020202020202 0.04239401496259352
20 0.6548821548821548 0.06982543640897755 0.4006734006734007 0.08977556109725686
16 0.9057239057239057 0.64214463840399 0.16835016835016836 0.18703241895261846
16 0.11952861952861953 0.6433915211970075 0.19865319865319866 0.18952618453865336