23 0.1433509234828496 0.1845433789954338 0.23746701846965698 0.2534246575342466
19 0.8878627968337731 0.158675799086758 0.20316622691292877 0.06621004566210045
25 0.7361477572559367 0.2226027397260274 0.48548812664907653 0.04337899543378995
15 0.6860158311345647 0.3207762557077626 0.5857519788918206 0.13926940639269406
17 0.19525065963060687 0.4372146118721461 0.3113456464379947 0.10730593607305935
22 0.716358839050132 0.4486301369863014 0.5408970976253298 0.07990867579908675
22 0.6345646437994723 0.547945205479452 0.38786279683377306 0.0410958904109589
27 0.6543535620052771 0.613013698630137 0.35356200527704484 0.06621004566210045
21 0.7612137203166227 0.680365296803653 0.12401055408970976 0.0410958904109589
26 0.3627968337730871 0.6894977168949772 0.14511873350923482 0.0684931506849315
28 0.5699208443271768 0.6883561643835616 0.24802110817941952 0.04794520547945205
18 0.5646437994722955 0.7671232876712328 0.5329815303430079 0.0593607305936073
24 0.3258575197889182 0.545662100456621 0.19261213720316622 0.045662100456621
20 0.6147757255936676 0.05707762557077625 0.5013192612137203 0.1095890410958904
16 0.91688654353562 0.6210045662100456 0.1662269129287599 0.2374429223744292
16 0.12532981530343007 0.6267123287671232 0.1820580474934037 0.18493150684931506