23 0.14912280701754385 0.1620762711864407 0.2573099415204678 0.23940677966101695
19 0.8976608187134503 0.13983050847457626 0.15204678362573099 0.05508474576271186
25 0.7119883040935673 0.19279661016949154 0.5175438596491229 0.05084745762711865
29 0.7266081871345029 0.2775423728813559 0.48830409356725146 0.11016949152542373
17 0.18859649122807018 0.3718220338983051 0.32456140350877194 0.07415254237288135
22 0.6681286549707602 0.3983050847457627 0.6052631578947368 0.059322033898305086
22 0.6271929824561403 0.558156779661017 0.347953216374269 0.059322033898305086
27 0.6253216374269006 0.6165254237288136 0.3633625730994152 0.05084745762711865
21 0.7485380116959064 0.6959745762711864 0.12280701754385964 0.06567796610169492
26 0.37040935672514624 0.6900000000000001 0.22833333333333333 0.057203389830508475
28 0.5994152046783626 0.6875 0.15789473684210525 0.057203389830508475
29 0.20029239766081872 0.4343220338983051 0.2543859649122807 0.05084745762711865
18 0.554093567251462 0.7690677966101694 0.5526315789473685 0.059322033898305086
24 0.33771929824561403 0.5773305084745762 0.18421052631578946 0.04025423728813559
20 0.6418128654970761 0.05826271186440678 0.4590643274853801 0.11228813559322035
16 0.8991228070175439 0.6260593220338984 0.1608187134502924 0.20127118644067796
16 0.11842105263157894 0.6302966101694916 0.17251461988304093 0.2055084745762712